     0/299     13.5G    0.1012    0.1798    0.0371    0.3181       455       640  0.004517    0.2931   0.00694  0.001288   0.09201    0.1609   0.03516
     1/299     13.7G   0.09366    0.1918   0.03454      0.32       410       640  0.004372    0.2837  0.008411  0.001556   0.08956     0.168   0.03281
     2/299     13.7G   0.09178     0.196   0.03254    0.3203       354       640  0.009521    0.2317   0.01076  0.001921   0.08901    0.1698   0.03107
     3/299     13.7G   0.09109    0.1993   0.03098    0.3213       317       640  0.009899   0.05083   0.01284  0.002416   0.08863    0.1709   0.02976
     4/299     13.7G    0.0909    0.1942   0.02983    0.3149       381       640  0.009558    0.2825   0.01043  0.001855   0.08893    0.1697   0.02881
     5/299     13.7G   0.09055    0.1934   0.02915    0.3131       350       640   0.00972    0.2931   0.01159  0.001991   0.08932    0.1686   0.02799
     6/299     13.7G   0.09025    0.1958   0.02844    0.3145       309       640  0.009477    0.2931   0.01402  0.002465   0.08892    0.1692   0.02737
     7/299     13.7G    0.0898    0.1903     0.028    0.3081       344       640  0.009493    0.2931   0.01331  0.002374   0.08936     0.168   0.02687
     8/299     13.7G   0.08927     0.202   0.02772     0.319       348       640   0.01742    0.2482    0.0257  0.005639   0.08967    0.1672   0.02649
     9/299     13.7G   0.08844    0.1993   0.02704    0.3148       380       640    0.3821   0.07329   0.03096  0.007107   0.09115    0.1603   0.02604
    10/299     13.7G   0.08617    0.1883   0.02634    0.3008       419       640    0.4615    0.1308   0.06379   0.01299   0.08819    0.1514    0.0239
    11/299     13.7G   0.08115    0.1944   0.02458    0.3001       394       640     0.513    0.2458    0.1641   0.03667   0.07718    0.1469   0.01897
    12/299     13.7G   0.07613    0.1885   0.02149    0.2861       308       640   0.05911    0.3774   0.05664    0.0112   0.08541    0.1492   0.02047
    13/299     13.7G   0.07434    0.1864      0.02    0.2807       361       640    0.1132    0.3952    0.1332   0.02505   0.08363    0.1298   0.01747
    14/299     13.7G   0.07187    0.1756   0.01892    0.2664       222       640   0.04253    0.2251    0.0242  0.003802   0.09892    0.1174   0.01707
    15/299     13.7G   0.06957    0.1797   0.01776     0.267       354       640     0.499    0.3145    0.2236    0.0432   0.07782    0.1299   0.01355
    16/299     13.7G   0.06633    0.1841   0.01672    0.2672       338       640    0.2727    0.4216      0.24   0.04523   0.06997    0.1365   0.01183
    17/299     13.7G    0.0644    0.1797   0.01558    0.2597       338       640    0.1541    0.4021    0.1731   0.03072   0.07913    0.1289    0.0115
    18/299     13.7G   0.06154     0.175   0.01446     0.251       234       640    0.1084    0.2213   0.07569   0.01522   0.08597    0.1298   0.01397
    19/299     13.7G   0.06046    0.1799   0.01373    0.2541       312       640    0.3587    0.5458    0.4258   0.09834   0.06491    0.1507  0.009219
    20/299     13.7G   0.05975    0.1702   0.01302     0.243       451       640    0.3716    0.3416    0.2668   0.06361   0.06728    0.1484    0.0139
    21/299     13.7G   0.06121    0.1768   0.01216    0.2502       418       640    0.5208    0.3337    0.2067   0.04586   0.07068    0.1612     0.023
    22/299     13.7G   0.05868    0.1607   0.01157     0.231       280       640     0.393     0.422    0.3272   0.05868    0.0717     0.135  0.007476
    23/299     13.7G   0.05817    0.1764   0.01115    0.2458       251       640    0.2703     0.429    0.3131   0.09098   0.06582    0.1439   0.01014
    24/299     13.7G   0.05688    0.1754   0.01093    0.2433       348       640    0.4466    0.6233    0.5137    0.1411   0.06481    0.1414   0.00773
    25/299     13.7G   0.05534    0.1673   0.01058    0.2332       235       640    0.4059    0.6299    0.4522    0.1139   0.05979    0.1494   0.01234
    26/299     13.7G   0.05406    0.1679   0.01046    0.2325       439       640    0.4712    0.6146    0.4894    0.1983   0.05337    0.1321   0.01252
    27/299     13.7G   0.05335    0.1673  0.009326      0.23       344       640    0.3311    0.4428    0.3838    0.1264   0.06939    0.1471   0.01236
    28/299     13.7G   0.05291    0.1614  0.009495    0.2238       341       640    0.6851    0.6908    0.7351    0.3646   0.04396    0.1296  0.008482
    29/299     13.7G   0.05075    0.1596  0.008831    0.2192       294       640    0.5893    0.6324    0.6133    0.2456   0.05084    0.1277   0.01215
    30/299     13.7G   0.05062    0.1597  0.008603    0.2189       339       640      0.55    0.6753    0.6286    0.2323   0.05531    0.1237  0.009375
    31/299     13.7G    0.0498    0.1614  0.007648    0.2188       275       640    0.6397    0.6828    0.6977    0.3306   0.04368    0.1246   0.01066
    32/299     13.7G   0.04846    0.1607  0.008051    0.2173       386       640     0.486    0.5948    0.5499    0.2412   0.05064    0.1449   0.01418
    33/299     13.7G   0.04735    0.1562  0.007747    0.2113       345       640    0.6429    0.5969    0.5983     0.219   0.05783    0.1209  0.006826
    34/299     13.7G   0.04708    0.1594  0.008085    0.2146       370       640    0.3447    0.5968    0.4331    0.2046   0.04769      0.14   0.02154
    35/299     13.7G   0.04809    0.1612  0.007715     0.217       420       640    0.6816    0.6556    0.7274    0.4204    0.0383    0.1191   0.01154
    36/299     13.7G   0.04843    0.1587  0.007325    0.2144       347       640    0.5926    0.6199    0.6234    0.2168   0.05874    0.1178  0.008634
    37/299     13.7G   0.04683    0.1587  0.007187    0.2127       362       640    0.6355     0.656    0.6492    0.3057   0.04803    0.1219  0.008208
    38/299     13.7G   0.04689    0.1557  0.007241    0.2098       400       640    0.6232     0.677    0.6885     0.351   0.04043    0.1271   0.01122
    39/299     13.7G    0.0456    0.1541  0.007064    0.2068       280       640     0.674    0.7341    0.7586     0.343   0.04825    0.1233  0.007532
    40/299     13.7G    0.0454    0.1545  0.006768    0.2066       250       640    0.5607    0.7314     0.666    0.3106   0.04893     0.121  0.009144
    41/299     13.7G   0.04459    0.1527  0.007005    0.2043       436       640    0.5823    0.7045    0.6813    0.3278   0.04526    0.1225   0.01126
    42/299     13.7G   0.04423    0.1573  0.006844    0.2084       253       640    0.6145    0.7514     0.715    0.3294   0.04753    0.1165  0.008153
    43/299     13.7G   0.04385    0.1495  0.006732    0.2001       400       640     0.557    0.6468    0.6449    0.3411   0.04015    0.1219   0.01612
    44/299     13.7G   0.04363    0.1525  0.006561    0.2027       341       640    0.5715    0.6593    0.6091     0.268   0.04922    0.1309   0.01327
    45/299     13.7G   0.04404    0.1532  0.006638    0.2039       276       640    0.5311    0.6709    0.5826    0.3557   0.03457    0.1256   0.01611
    46/299     13.7G   0.04365    0.1525  0.006319    0.2025       363       640    0.6916    0.7339    0.7589    0.4025   0.04136    0.1239  0.007151
    47/299     13.7G   0.04371    0.1446  0.006104    0.1944       370       640    0.5538    0.6531     0.581     0.285   0.04166    0.1339   0.01398
    48/299     13.7G   0.04235    0.1564  0.006457    0.2052       313       640    0.6421    0.7694    0.7365    0.3613   0.04589     0.122  0.006408
    49/299     13.7G   0.04231    0.1514  0.006055    0.1998       410       640    0.6238    0.7084    0.7086    0.3786   0.03972    0.1271   0.01043
    50/299     13.7G   0.04128    0.1475  0.006122    0.1949       341       640    0.4366    0.6926    0.5693    0.3488   0.03404    0.1278   0.01953
    51/299     13.7G   0.04227    0.1452  0.005835    0.1933       442       640    0.5361    0.6653    0.6205    0.3168   0.04179    0.1266   0.01536
    52/299     13.7G   0.04243    0.1486  0.006118    0.1971       314       640    0.7213    0.7341     0.787    0.4206   0.03985    0.1212  0.007221
    53/299     13.7G   0.04145    0.1459  0.006251    0.1936       332       640    0.6217    0.7168    0.6945    0.3811   0.03886    0.1212   0.01135
    54/299     13.7G   0.04035    0.1456  0.005954    0.1919       400       640    0.6783    0.6674    0.7138    0.4114   0.03934    0.1219  0.009696
    55/299     13.7G   0.04128    0.1448  0.005807    0.1919       371       640    0.6143    0.7142      0.69    0.3634    0.0439    0.1201   0.01189
    56/299     13.7G   0.04225    0.1442  0.005954    0.1925       382       640    0.6531    0.7461    0.7343     0.446   0.03501     0.122  0.009697
    57/299     13.7G   0.04025    0.1426  0.005654    0.1885       308       640    0.6433    0.6568    0.6646    0.3529   0.04012    0.1206     0.012
    58/299     13.7G   0.03911    0.1406  0.005842    0.1855       305       640    0.6172    0.7147    0.6964    0.4099   0.03706    0.1268   0.01131
    59/299     13.7G   0.04071    0.1422  0.005621    0.1885       271       640    0.6578    0.7054    0.7495    0.4625   0.03476    0.1196   0.01091
    60/299     13.7G   0.04075     0.141  0.005322     0.187       337       640    0.7269    0.7154    0.7808    0.4077   0.04174    0.1213  0.006519
    61/299     13.7G     0.039    0.1406  0.005579    0.1852       380       640    0.7356    0.7328    0.7976    0.4562    0.0392    0.1189  0.006387
    62/299     13.7G   0.04088     0.145  0.005409    0.1913       324       640    0.6208     0.752    0.7271    0.3674   0.04601    0.1226  0.006504
    63/299     13.7G   0.03996    0.1454  0.005362    0.1907       301       640    0.7219    0.7649    0.7935    0.4417   0.04065    0.1206  0.005528
    64/299     13.7G   0.03837    0.1422  0.005537    0.1861       299       640    0.6886    0.7447    0.7835    0.4003   0.04337    0.1225  0.007469
    65/299     13.7G   0.03902    0.1432  0.005512    0.1877       431       640    0.7339    0.7327    0.7882    0.4976   0.03343    0.1178  0.006937
    66/299     13.7G   0.03804    0.1373  0.005474    0.1808       488       640    0.7142    0.7422    0.7935    0.5135   0.03322    0.1187  0.008508
    67/299     13.7G   0.03907    0.1398  0.005549    0.1844       347       640    0.6844    0.7604    0.8011    0.4882   0.03469    0.1172  0.007659
    68/299     13.7G   0.03793    0.1323  0.005154    0.1754       419       640    0.6404    0.7106    0.7192    0.4522   0.03489    0.1244   0.01106
    69/299     13.7G   0.03907    0.1453  0.005141    0.1895       350       640    0.5725    0.6312    0.6032    0.3309   0.04004    0.1237   0.01564
    70/299     13.7G    0.0377    0.1436  0.005297    0.1866       330       640    0.6594       0.7    0.6934    0.3271   0.04855    0.1231  0.006531
    71/299     13.7G   0.03815    0.1409   0.00514    0.1842       370       640    0.6721    0.6897    0.7297    0.4003   0.03892    0.1201   0.00991
    72/299     13.7G   0.03777    0.1407  0.004974    0.1834       352       640    0.6651    0.7228    0.7176    0.4023   0.03961     0.118  0.009868
    73/299     13.7G    0.0378     0.137  0.004971    0.1797       329       640    0.5902    0.6978    0.6479    0.3767   0.03631    0.1262   0.01249
    74/299     13.7G   0.03724    0.1394  0.004983    0.1817       350       640    0.7464    0.7503    0.8014      0.45   0.03793    0.1245  0.005607
    75/299     13.7G   0.03768    0.1373  0.004981      0.18       394       640    0.6896    0.7245    0.7558      0.45   0.03624    0.1172  0.008167
    76/299     13.7G   0.03789    0.1386  0.005221    0.1817       362       640    0.6874    0.6907    0.7385    0.3915    0.0416    0.1304  0.008797
    77/299     13.7G   0.03609    0.1353  0.004762    0.1762       371       640    0.6569    0.7381    0.7418     0.399   0.04173     0.121  0.008363
    78/299     13.7G   0.03742    0.1359   0.00487    0.1782       285       640    0.7132    0.7291    0.7652    0.4406   0.03919    0.1236  0.007272
    79/299     13.7G   0.03647    0.1351  0.004806    0.1764       333       640    0.6306    0.7129    0.6774    0.3912   0.03627    0.1303   0.01098
    80/299     13.7G    0.0364    0.1327  0.004687    0.1738       358       640    0.6415    0.7149    0.7483    0.3776   0.04169    0.1286  0.008259
    81/299     13.7G   0.03663    0.1307  0.004785    0.1721       285       640    0.7298    0.7366    0.7932    0.4698   0.03746    0.1217  0.006288
    82/299     13.7G   0.03622    0.1321  0.004561    0.1729       342       640    0.6527    0.7634    0.7712    0.4581   0.03685    0.1225  0.007855
    83/299     13.7G   0.03698    0.1341  0.004708    0.1758       376       640    0.6684    0.7046    0.7157    0.4292   0.03482     0.124   0.01013
    84/299     13.7G   0.03665     0.138  0.004756    0.1794       327       640    0.7584    0.7167    0.7902    0.4237   0.04223    0.1251  0.004574
    85/299     13.7G   0.03706    0.1342  0.004726     0.176       293       640    0.6303    0.6859    0.6931    0.3625    0.0413    0.1241   0.01073
    86/299     13.7G    0.0354    0.1338  0.004546    0.1737       336       640    0.6852    0.7097    0.7522    0.4639    0.0358    0.1239  0.008091
    87/299     13.7G   0.03579    0.1293   0.00448    0.1696       316       640    0.6762    0.6719    0.7171    0.3984   0.04056    0.1284  0.008432
    88/299     13.7G   0.03599    0.1302  0.004558    0.1708       329       640    0.6138    0.7388    0.7105    0.3821   0.03927    0.1272   0.00928
    89/299     13.7G   0.03547    0.1322  0.004459    0.1721       379       640    0.6815     0.748    0.7623    0.4192   0.04251    0.1298  0.006612
    90/299     13.7G   0.03509    0.1342  0.004443    0.1737       389       640    0.6541    0.7225    0.7254     0.397    0.0408    0.1251  0.008875
    91/299     13.7G   0.03549    0.1285  0.004601    0.1686       371       640    0.7267    0.7106    0.7651    0.4263   0.04027    0.1232  0.007532
    92/299     13.7G   0.03645    0.1309  0.004695     0.172       282       640    0.6971    0.7316    0.7583    0.4275   0.03985    0.1252  0.007309
    93/299     13.7G   0.03506    0.1289    0.0044    0.1684       330       640    0.7386     0.733    0.7628    0.4105   0.04065    0.1258  0.007379
    94/299     13.7G   0.03504    0.1266   0.00414    0.1658       293       640    0.6459    0.7014     0.691     0.396   0.03779    0.1246   0.01157
    95/299     13.7G   0.03416    0.1284  0.004412    0.1669       274       640    0.6319    0.7014    0.6975    0.4169   0.03548    0.1275   0.01157
    96/299     13.7G   0.03486    0.1257  0.004181    0.1648       307       640    0.6977     0.781    0.7991    0.4765   0.03754    0.1194  0.006163
    97/299     13.7G   0.03428    0.1257  0.004253    0.1642       336       640    0.6517    0.7651     0.748    0.4493   0.03735    0.1244  0.008608
    98/299     13.7G   0.03493    0.1277  0.004108    0.1667       297       640    0.5724    0.6852    0.6353    0.3932   0.03368    0.1297   0.01438
    99/299     13.7G   0.03528    0.1287  0.004318    0.1683       261       640    0.6986     0.746    0.7755    0.4434   0.03854    0.1194  0.007472
   100/299     13.7G   0.03471    0.1237  0.004392    0.1628       256       640    0.7117    0.6949    0.7608    0.4507   0.03722    0.1317  0.008209
   101/299     13.7G   0.03382     0.125  0.004237    0.1631       328       640    0.6924    0.7573     0.759    0.4124   0.04072     0.132  0.006014
   102/299     13.7G   0.03463    0.1248  0.004179    0.1636       215       640    0.5751    0.7049    0.6675    0.3695   0.04063    0.1317   0.01242
   103/299     13.7G   0.03526    0.1258  0.004106    0.1652       288       640    0.6911    0.7809    0.7741    0.4749   0.03554    0.1236  0.007422
   104/299     13.7G   0.03487    0.1245  0.004096    0.1635       288       640     0.742    0.6953    0.7481    0.4425   0.03827     0.131  0.008367
   105/299     13.7G   0.03436    0.1242  0.003948    0.1625       409       640    0.7512     0.749    0.7881    0.4097   0.04378    0.1247   0.00455
   106/299     13.7G   0.03417    0.1216  0.003808    0.1596       262       640    0.7069    0.7559    0.7885    0.4621   0.03924    0.1289  0.004547
   107/299     13.7G   0.03378    0.1236  0.004031    0.1614       310       640    0.6967    0.6839    0.7104    0.4163   0.03768    0.1326  0.009893
   108/299     13.7G   0.03435    0.1231  0.004201    0.1617       393       640    0.7042    0.6977    0.7391    0.4143   0.03953    0.1273  0.009571
   109/299     13.7G   0.03376    0.1221  0.003901    0.1598       287       640    0.7094    0.7532    0.7813    0.4476   0.03998    0.1301  0.005428
   110/299     13.7G   0.03371    0.1208  0.003817    0.1583       304       640    0.6884    0.7753    0.7726    0.4724   0.03541     0.119  0.007179
   111/299     13.7G   0.03333    0.1221  0.003777    0.1592       344       640    0.6791     0.761    0.7513    0.3922   0.04385    0.1326  0.006027
   112/299     13.7G   0.03339    0.1245  0.003914    0.1618       449       640    0.7175    0.7015     0.741    0.4521   0.03837      0.13  0.007748
   113/299     13.7G   0.03272    0.1264  0.003672    0.1628       366       640    0.7725    0.7233    0.7803    0.4473   0.04132      0.13  0.005976
   114/299     13.7G   0.03255    0.1228  0.003906    0.1593       402       640     0.616    0.7252     0.705     0.364   0.04311    0.1377  0.009619
   115/299     13.7G   0.03352    0.1181  0.003912    0.1555       270       640    0.7408     0.727    0.7742    0.4225   0.03975    0.1334  0.006859
   116/299     13.7G   0.03291    0.1186  0.003811    0.1553       182       640    0.7432    0.6868    0.7718    0.4333    0.0402    0.1293  0.006581
   117/299     13.7G   0.03327    0.1205    0.0037    0.1575       336       640    0.7218    0.7058    0.7495    0.4379   0.03727    0.1283  0.007829
   118/299     13.7G   0.03294    0.1201  0.003738    0.1568       258       640    0.7072    0.6983    0.7456    0.4477   0.03552    0.1302  0.009119
   119/299     13.7G   0.03268    0.1201  0.003625    0.1564       411       640    0.7507    0.6986    0.7606    0.4236   0.04086    0.1312  0.007637
   120/299     13.7G   0.03307    0.1223  0.003811    0.1592       269       640    0.6679    0.7449     0.761    0.4326   0.03803    0.1276  0.008919
   121/299     13.7G   0.03283    0.1214  0.003701    0.1579       344       640    0.6229    0.7311    0.7103    0.4347   0.03729    0.1353    0.0106
   122/299     13.7G    0.0323      0.12  0.003581    0.1559       366       640    0.7002    0.7573    0.7775    0.4662   0.03808    0.1298  0.006834
   123/299     13.7G    0.0317    0.1181  0.003702    0.1535       253       640    0.7828    0.6678    0.7448    0.4547   0.03654      0.13   0.00861
   124/299     13.7G   0.03375    0.1184  0.003543    0.1557       334       640    0.7432    0.7175    0.7651    0.4443   0.03913    0.1272   0.00659
   125/299     13.7G   0.03245    0.1153  0.003588    0.1513       260       640    0.6757    0.6958    0.6953    0.4172   0.03692    0.1325   0.01058
   126/299     13.7G   0.03155    0.1129  0.003471    0.1479       355       640    0.7077     0.721    0.7525    0.4184   0.04347    0.1361  0.006163
   127/299     13.7G   0.03249    0.1171  0.003447     0.153       364       640    0.6621    0.7644    0.7579    0.4762   0.03685    0.1291  0.008699
   128/299     13.7G   0.03151    0.1172  0.003632    0.1524       309       640    0.7072    0.7554    0.7618    0.4258   0.03984    0.1311  0.007064
   129/299     13.7G   0.03236    0.1189  0.003455    0.1547       338       640    0.7318    0.7244    0.7484    0.3953   0.04354    0.1337  0.006889
   130/299     13.7G   0.03187    0.1176   0.00345    0.1529       331       640     0.705    0.6799    0.7148    0.4029   0.04137    0.1422  0.008074
   131/299     13.7G   0.03169    0.1144    0.0034    0.1495       296       640    0.7278     0.714     0.746    0.4644   0.03661    0.1362  0.007479
   132/299     13.7G   0.03166    0.1193  0.003399    0.1543       355       640    0.6787    0.7124    0.7249    0.4404   0.03733     0.139  0.008515
   133/299     13.7G   0.03108    0.1092  0.003405    0.1437       361       640    0.6785    0.6684    0.6948    0.4049   0.03999    0.1383   0.01053
   134/299     13.7G   0.03103    0.1167  0.003579    0.1513       344       640    0.7193    0.7148     0.756      0.41   0.04119    0.1378  0.005551
   135/299     13.7G   0.03089    0.1129  0.003475    0.1472       325       640    0.7151    0.7589    0.7636    0.4284   0.04014    0.1334  0.006125
   136/299     13.7G   0.03064     0.113  0.003352     0.147       382       640    0.6513    0.6907    0.6896    0.3884   0.04075    0.1415   0.01065
   137/299     13.7G   0.03107    0.1133  0.003305    0.1476       258       640    0.6489    0.6796    0.6911    0.4226   0.03763    0.1368   0.01111
   138/299     13.7G   0.03144    0.1149  0.003491    0.1498       347       640    0.6884    0.6686    0.6962    0.4115   0.03916    0.1374   0.01065
   139/299     13.7G   0.03115    0.1115  0.003287    0.1459       288       640    0.7435    0.7485    0.7678    0.4453   0.03756    0.1325  0.008249
   140/299     13.7G   0.03182    0.1146  0.003359    0.1498       367       640    0.7622    0.6942    0.7536    0.4206   0.04116    0.1357  0.007165
   141/299     13.7G   0.03128    0.1103  0.003357    0.1449       351       640    0.7087    0.7094    0.7286    0.4471   0.03594    0.1328  0.008396
   142/299     13.7G   0.03048    0.1139  0.003335    0.1477       441       640    0.7207    0.7079    0.7452     0.477   0.03459    0.1335   0.00822
   143/299     13.7G   0.03073    0.1081  0.003237     0.142       373       640    0.6757    0.7328    0.7267    0.4398   0.03678    0.1329  0.009853
   144/299     13.7G   0.03111    0.1105  0.003179    0.1448       350       640    0.7006    0.7186    0.7265    0.4415    0.0371    0.1372  0.009029
   145/299     13.7G   0.03027    0.1117  0.003033     0.145       431       640    0.7327     0.732    0.7707    0.4672   0.03765    0.1344  0.006558
   146/299     13.7G   0.02975    0.1081  0.003061    0.1409       283       640    0.7186    0.7279    0.7598    0.4622   0.03743    0.1353  0.007594
   147/299     13.7G   0.03093    0.1117  0.003197    0.1459       314       640    0.7168    0.7056    0.7396    0.4352   0.03977    0.1347  0.008235
   148/299     13.7G   0.02974    0.1114  0.003207    0.1443       288       640    0.7181     0.709    0.7386    0.4613   0.03655    0.1361  0.008253
   149/299     13.7G   0.02986    0.1106  0.003414    0.1439       248       640    0.7197    0.7022    0.7317      0.41   0.04129    0.1416  0.008866
   150/299     13.7G   0.03093    0.1073  0.003284    0.1415       325       640    0.7196    0.7158    0.7287     0.417   0.04041     0.137  0.008323
   151/299     13.7G   0.02936     0.108  0.003086    0.1404       328       640    0.6898     0.707    0.7232    0.4504   0.03702     0.136  0.009195
   152/299     13.7G    0.0297    0.1118  0.003097    0.1446       319       640    0.7405    0.7055    0.7363     0.458    0.0372    0.1379  0.007785
   153/299     13.7G   0.02989    0.1088  0.003184    0.1419       394       640    0.6944     0.735     0.729    0.4129   0.04075    0.1401  0.007787
   154/299     13.7G   0.03016    0.1091  0.003194    0.1424       443       640    0.6959    0.7161     0.726     0.431   0.03824    0.1414  0.009618
   155/299     13.7G   0.02965    0.1059  0.003147    0.1387       346       640    0.7113    0.7227    0.7505    0.4754   0.03572     0.136  0.007665
   156/299     13.7G   0.02996    0.1091  0.002853    0.1419       362       640    0.6954    0.7174    0.7171    0.4422   0.03847    0.1438  0.008327
   157/299     13.7G   0.02979    0.1092  0.003198    0.1422       365       640     0.654    0.6727    0.6916    0.4262   0.03616    0.1373    0.0111
   158/299     13.7G   0.02933    0.1064  0.002794    0.1385       353       640    0.7629    0.7054     0.746    0.4077   0.04363    0.1417  0.007395
   159/299     13.7G   0.02931    0.1051  0.002953    0.1373       343       640    0.7747    0.6992    0.7595    0.4253   0.04084    0.1375  0.006356
   160/299     13.7G   0.03003    0.1062  0.003077    0.1393       334       640    0.7209    0.6614    0.7042    0.4487   0.03609    0.1401   0.01129
   161/299     13.7G   0.02865    0.1015  0.002953    0.1331       411       640    0.7222    0.7213     0.756    0.4653   0.03885     0.139  0.006988
   162/299     13.7G   0.02862    0.1034  0.003074    0.1351       370       640     0.706    0.7608    0.7569    0.4427      0.04    0.1403   0.00673
   163/299     13.7G   0.02919    0.1049  0.003015    0.1371       264       640    0.6685    0.7187    0.7139     0.426    0.0387    0.1411   0.01115
   164/299     13.7G   0.02861    0.1045  0.002978     0.136       244       640    0.6902    0.7073    0.7144    0.4554   0.03559    0.1413   0.01029
   165/299     13.7G   0.02847    0.1058  0.002962    0.1372       220       640    0.7455    0.6826    0.7368    0.4414   0.03871     0.142   0.00875
   166/299     13.7G   0.02872    0.1059  0.002826    0.1375       375       640    0.7674    0.7133    0.7596    0.4557   0.03915    0.1413  0.007075
   167/299     13.7G    0.0288    0.1082  0.002829    0.1398       349       640    0.6956    0.7458    0.7275    0.4322   0.03993    0.1422  0.007827
   168/299     13.7G   0.02874    0.1054  0.002817     0.137       381       640     0.648    0.7379    0.6982    0.4075   0.04034    0.1433   0.01022
   169/299     13.7G    0.0287    0.1023  0.002827    0.1338       346       640    0.7489    0.7055    0.7443    0.4161   0.04157    0.1461  0.008127
   170/299     13.7G   0.02808    0.1027  0.002806    0.1336       297       640    0.7105    0.7142    0.7308    0.4288   0.04002    0.1444  0.009603
   171/299     13.7G   0.02886    0.1043  0.002936    0.1361       410       640    0.6841    0.7355    0.7392    0.4337   0.03989     0.145   0.00886
   172/299     13.7G   0.02841    0.1027  0.002877     0.134       490       640    0.7403    0.7019    0.7386    0.4581   0.03738    0.1434  0.008212
   173/299     13.7G   0.02857    0.1026  0.002829     0.134       329       640    0.6996    0.7319     0.734     0.456    0.0369    0.1406   0.00815
   174/299     13.7G   0.02754    0.1037  0.002654    0.1339       367       640    0.7306    0.7246    0.7349     0.439   0.04103    0.1462  0.007365
   175/299     13.7G   0.02785    0.1013  0.002736    0.1319       292       640    0.7345    0.7217    0.7285    0.4495   0.03925    0.1491  0.007077
   176/299     13.7G   0.02866    0.1013  0.002633    0.1326       305       640    0.7048    0.7458    0.7232    0.4324   0.03944    0.1455  0.008685
   177/299     13.7G   0.02758   0.09982  0.002793    0.1302       282       640    0.7496    0.7092    0.7304    0.4445   0.03841    0.1466  0.007602
   178/299     13.7G   0.02737     0.101  0.002577    0.1309       281       640    0.6702    0.7506    0.7267    0.4435   0.03868    0.1494  0.007944
   179/299     13.7G   0.02814     0.101  0.002709    0.1319       282       640     0.729    0.7066    0.7255    0.4362   0.03876    0.1439  0.009158
   180/299     13.7G   0.02733    0.1031   0.00257     0.133       325       640    0.7124    0.6871    0.6964     0.404   0.04367     0.152  0.009718
   181/299     13.7G   0.02773    0.1008  0.002872    0.1314       379       640    0.7351    0.7171    0.7445    0.4427   0.03985    0.1468  0.007446
   182/299     13.7G   0.02727   0.09807  0.002958    0.1283       335       640    0.7071     0.731    0.7323    0.4318   0.04056    0.1423  0.007295
   183/299     13.7G   0.02735   0.09978  0.002732    0.1299       364       640    0.7261    0.7328    0.7421    0.4355   0.04065    0.1413  0.007053
   184/299     13.7G   0.02716   0.09889  0.002761    0.1288       359       640    0.7071    0.7043    0.7202    0.4188   0.04275    0.1479  0.009299
   185/299     13.7G   0.02823    0.1033  0.002774    0.1343       321       640    0.6689    0.7297    0.7319    0.4481   0.03838    0.1438  0.009596
   186/299     13.7G   0.02646   0.09992  0.002732    0.1291       383       640    0.6922    0.6704    0.6847    0.4046   0.04209    0.1547   0.01016
   187/299     13.7G   0.02726   0.09912  0.002767    0.1292       347       640     0.703    0.6738    0.6852    0.3885   0.04203    0.1561   0.01047
   188/299     13.7G    0.0271    0.1021  0.002572    0.1317       411       640    0.7113    0.7045    0.7198     0.426   0.04119    0.1515  0.007973
   189/299     13.7G   0.02707   0.09714  0.002639    0.1268       312       640    0.7322    0.6689    0.7101    0.4246   0.04115    0.1536  0.009018
   190/299     13.7G   0.02732   0.09657  0.002765    0.1267       265       640    0.7077    0.7095    0.7106    0.4449   0.03626    0.1474   0.01008
   191/299     13.7G   0.02667   0.09706  0.002509    0.1262       414       640    0.7754    0.7152    0.7482    0.4443    0.0398    0.1495  0.007037
   192/299     13.7G   0.02682   0.09963  0.002524     0.129       421       640      0.75    0.7104    0.7373    0.4587   0.03765    0.1482  0.007946
   193/299     13.7G   0.02695   0.09939  0.002632     0.129       285       640     0.695    0.7055     0.702     0.417   0.04129    0.1545   0.01008
   194/299     13.7G   0.02619   0.09665  0.002796    0.1256       244       640    0.6985    0.7371    0.7198    0.4357   0.03782    0.1452   0.00923
   195/299     13.7G    0.0264   0.09679   0.00266    0.1258       261       640    0.7157    0.7363    0.7385    0.4537   0.03806    0.1487  0.008316
   196/299     13.7G   0.02666   0.09507  0.002685    0.1244       294       640    0.7374    0.7035    0.7319    0.4358   0.03918     0.151  0.008086
   197/299     13.7G   0.02626   0.09677  0.002563    0.1256       308       640    0.7114    0.7246    0.7392    0.4704   0.03904    0.1548  0.007749
   198/299     13.7G   0.02643   0.09422    0.0025    0.1232       408       640    0.7024    0.7311    0.7399    0.4591   0.03718     0.146    0.0092
   199/299     13.7G   0.02594   0.09529  0.002455    0.1237       345       640    0.7543    0.7191    0.7538    0.4564   0.03903    0.1492  0.007404
   200/299     13.7G   0.02659   0.09655  0.002569    0.1257       350       640    0.7195    0.7011    0.7114    0.4171   0.04167    0.1553  0.008919
   201/299     13.7G   0.02611   0.09821  0.002541    0.1269       378       640    0.7347    0.7036    0.7144    0.4268   0.03932    0.1477  0.008638
   202/299     13.7G   0.02579   0.09374  0.002722    0.1223       381       640    0.7155    0.7061     0.715    0.4248   0.04036    0.1546  0.009537
   203/299     13.7G   0.02544    0.0941  0.002606    0.1221       396       640     0.701    0.7258    0.7198    0.4226   0.04159    0.1601    0.0088
   204/299     13.7G   0.02706   0.09249  0.002491     0.122       358       640    0.7009    0.7265    0.7166    0.4306   0.04066    0.1561  0.008052
   205/299     13.7G    0.0256   0.09589  0.002515     0.124       379       640    0.7444     0.712    0.7268    0.4373   0.03894    0.1521  0.008257
   206/299     13.7G   0.02548   0.09445  0.002458    0.1224       338       640    0.7256    0.7002    0.7277    0.4368   0.03917    0.1502  0.009038
   207/299     13.7G   0.02568   0.09475  0.002458    0.1229       348       640    0.7184     0.725    0.7306    0.4385   0.04001    0.1506  0.008634
   208/299     13.7G   0.02614   0.09362  0.002504    0.1223       266       640    0.7363    0.6997    0.7083    0.4255   0.04039    0.1559   0.01031
   209/299     13.7G   0.02559   0.09547  0.002394    0.1234       440       640    0.7186    0.6977    0.7084    0.4534   0.03681    0.1502   0.01131
   210/299     13.7G   0.02536   0.09435  0.002283     0.122       312       640    0.7001    0.7172    0.7084    0.4526   0.03804    0.1494  0.009038
   211/299     13.7G   0.02526   0.09208  0.002212    0.1196       382       640    0.6889    0.7043    0.6971    0.4585   0.03678    0.1519  0.009984
   212/299     13.7G   0.02539   0.09528  0.002318     0.123       355       640    0.7556    0.6724    0.7165     0.445   0.03934    0.1516  0.008352
   213/299     13.7G   0.02519   0.09216  0.002369    0.1197       317       640    0.6945    0.7096     0.703    0.4339     0.039     0.157   0.00984
   214/299     13.7G   0.02501   0.09397  0.002342    0.1213       401       640     0.727    0.7112    0.7228    0.4413   0.03945    0.1568   0.00942
   215/299     13.7G   0.02521   0.09178  0.002587    0.1196       342       640    0.6947    0.7451    0.7316     0.455    0.0385    0.1561  0.009021
   216/299     13.7G   0.02594   0.09165  0.002607    0.1202       295       640    0.7205    0.7211    0.7215    0.4435   0.03948    0.1566  0.009355
   217/299     13.7G   0.02469   0.09118  0.002499    0.1184       306       640    0.7402    0.7073    0.7238    0.4076   0.04119    0.1562  0.008203
   218/299     13.7G   0.02495   0.09031  0.002399    0.1177       278       640    0.7196    0.6953    0.7142    0.4423   0.03832    0.1551  0.008779
   219/299     13.7G   0.02456   0.09208  0.002327     0.119       373       640    0.7085    0.7232    0.7197    0.4508   0.03692    0.1505  0.009687
   220/299     13.7G   0.02444   0.09306  0.002427    0.1199       271       640    0.7625    0.6895    0.7247    0.4447    0.0392    0.1554   0.00875
   221/299     13.7G   0.02487   0.08996  0.002432    0.1173       324       640    0.7229    0.7162    0.7319    0.4448   0.03857    0.1548  0.009305
   222/299     13.7G   0.02493   0.08977  0.002287     0.117       364       640    0.7206    0.7228    0.7276    0.4509   0.03804    0.1552  0.009008
   223/299     13.7G   0.02458   0.08885  0.002339    0.1158       258       640    0.7553    0.7025    0.7047     0.436   0.03976    0.1623  0.008433
   224/299     13.7G   0.02457   0.08874  0.002449    0.1158       300       640    0.7578    0.6974    0.7162    0.4493    0.0381    0.1583  0.008638
   225/299     13.7G   0.02448    0.0874  0.002362    0.1142       313       640    0.7201    0.7134    0.7187     0.432   0.03923    0.1559  0.009522
   226/299     13.7G   0.02406   0.09037   0.00218    0.1166       400       640    0.7407    0.6919    0.7153    0.4396   0.03828    0.1599  0.009533
   227/299     13.7G   0.02439   0.08811  0.002457     0.115       336       640    0.7399    0.7067    0.7289    0.4636   0.03721    0.1583  0.009014
   228/299     13.7G   0.02387   0.08936  0.002229    0.1155       315       640    0.7336    0.7117    0.7397    0.4718   0.03753     0.158   0.00889
   229/299     13.7G   0.02414   0.08853  0.002533    0.1152       373       640    0.7322    0.6902    0.7272    0.4631   0.03835    0.1613  0.008756
   230/299     13.7G   0.02448   0.08943  0.002241    0.1162       382       640    0.7156    0.7257    0.7297    0.4508   0.03889    0.1595  0.008829
   231/299     13.7G   0.02405   0.09177  0.002204     0.118       341       640    0.7251    0.7061    0.7213    0.4562     0.038    0.1576  0.009098
   232/299     13.7G   0.02405   0.08771  0.002258     0.114       270       640    0.7478    0.7024    0.7233    0.4533    0.0391    0.1607  0.009032
   233/299     13.7G   0.02396   0.08582  0.002176     0.112       276       640    0.7308    0.7155    0.7199     0.439   0.04029    0.1627  0.008569
   234/299     13.7G   0.02389   0.08955  0.002292    0.1157       398       640    0.7336    0.6747    0.6981    0.4399   0.04019    0.1658  0.009601
   235/299     13.7G   0.02397   0.09126  0.002138    0.1174       470       640    0.6984    0.7233    0.7134    0.4263    0.0408    0.1624  0.008839
   236/299     13.7G   0.02393   0.08882   0.00237    0.1151       332       640    0.7452     0.727    0.7401    0.4573   0.03927    0.1594   0.00842
   237/299     13.7G   0.02393   0.08686  0.002267    0.1131       279       640    0.7518    0.7235    0.7311    0.4295   0.04048    0.1582  0.007338
   238/299     13.7G   0.02387   0.09078   0.00229    0.1169       345       640    0.7017    0.7369    0.7255    0.4226   0.04089    0.1606  0.008369
   239/299     13.7G   0.02368   0.08759  0.002253    0.1135       343       640    0.7364    0.6789    0.7003    0.4258   0.03985    0.1635   0.01151
   240/299     13.7G    0.0232   0.08627  0.002222    0.1117       318       640    0.7389    0.7188    0.7268    0.4296   0.04108    0.1642  0.008834
   241/299     13.7G   0.02314   0.08554   0.00225    0.1109       285       640    0.7308    0.7011    0.7121    0.4268   0.04123    0.1628  0.009189
   242/299     13.7G    0.0241   0.08819  0.002324    0.1146       313       640     0.729    0.6837    0.7052    0.4184   0.04043    0.1587   0.01068
   243/299     13.7G    0.0235   0.08781  0.002273    0.1136       395       640    0.7828    0.7053    0.7251    0.4486   0.03945      0.16  0.008521
   244/299     13.7G    0.0231   0.08716  0.002222    0.1125       289       640    0.7512    0.6707    0.7135    0.4341   0.04081    0.1623  0.009918
   245/299     13.7G   0.02321   0.08462  0.002159      0.11       237       640    0.7429    0.7097    0.7305    0.4453   0.03981    0.1634  0.008673
   246/299     13.7G   0.02308    0.0868   0.00227    0.1121       408       640    0.7202    0.7137    0.7199     0.436   0.03983    0.1605   0.01046
   247/299     13.7G   0.02344   0.08596   0.00214    0.1115       318       640    0.7147    0.7143    0.7197     0.427   0.04112    0.1621  0.009817
   248/299     13.7G   0.02338   0.08532  0.002106    0.1108       291       640    0.7274    0.7233    0.7237    0.4417   0.04055    0.1634  0.008882
   249/299     13.7G   0.02338    0.0859  0.002105    0.1114       360       640     0.744    0.6848    0.6988    0.4224    0.0419    0.1652   0.01035
   250/299     13.7G   0.02378    0.0833  0.002259    0.1093       390       640    0.7533    0.6882    0.7089    0.4146    0.0413    0.1649  0.009774
   251/299     13.7G   0.02291   0.08293  0.002352    0.1082       287       640    0.7375    0.7206     0.716    0.3977   0.04366    0.1663  0.008892
   252/299     13.7G   0.02316   0.08475  0.002201    0.1101       378       640    0.7185     0.726     0.707    0.4164   0.04215    0.1643  0.008669
   253/299     13.7G   0.02282   0.08386  0.002137    0.1088       345       640    0.7315    0.7095    0.7143     0.437   0.03989    0.1616  0.009565
   254/299     13.7G   0.02264   0.08532  0.002131    0.1101       321       640    0.7016    0.6863     0.692    0.4355   0.03829    0.1624   0.01235
   255/299     13.7G   0.02289   0.08312  0.002253    0.1083       308       640    0.6916    0.6987    0.6797     0.416   0.04156    0.1712   0.01058
   256/299     13.7G   0.02278   0.08319   0.00215    0.1081       359       640    0.7118    0.7448    0.7275     0.427   0.04182    0.1631  0.008525
   257/299     13.7G   0.02248   0.08364  0.002163    0.1083       393       640     0.771    0.7227    0.7474    0.4449   0.04129      0.16   0.00758
   258/299     13.7G   0.02306   0.08453   0.00227    0.1099       337       640    0.7636     0.731    0.7451    0.4434   0.04024    0.1601  0.008139
   259/299     13.7G   0.02266   0.08192  0.002294    0.1069       354       640    0.7427    0.7234    0.7197    0.4241   0.04137    0.1667  0.009021
   260/299     13.7G   0.02283   0.08583  0.002055    0.1107       352       640    0.7162    0.7361    0.7147    0.4307   0.04039    0.1638   0.00869
   261/299     13.7G   0.02272   0.08336   0.00203    0.1081       331       640    0.7013     0.712    0.6982    0.4017   0.04295    0.1652   0.01061
   262/299     13.7G   0.02257   0.08371  0.002255    0.1085       394       640    0.7168    0.7099    0.7121    0.4306   0.04173    0.1676  0.009184
   263/299     13.7G   0.02256   0.08552  0.002149    0.1102       352       640    0.7057    0.7177    0.7191    0.4394   0.04134    0.1675  0.009112
   264/299     13.7G   0.02269   0.08582  0.002247    0.1108       400       640    0.6966    0.7293    0.7079    0.4348   0.04094    0.1672  0.009907
   265/299     13.7G   0.02256   0.08189  0.002127    0.1066       267       640     0.742     0.719    0.7395     0.448   0.03978    0.1606  0.008789
   266/299     13.7G   0.02245   0.08273  0.002051    0.1072       424       640    0.7109    0.7084    0.7077    0.4146   0.04155    0.1648   0.01018
   267/299     13.7G   0.02269    0.0818  0.002053    0.1065       302       640    0.7392    0.7158    0.7329    0.4476   0.03984    0.1618  0.009093
   268/299     13.7G   0.02271   0.08357  0.002084    0.1084       332       640    0.7318    0.7129    0.7277    0.4396   0.04115    0.1649  0.008658
   269/299     13.7G    0.0226    0.0851  0.002163    0.1099       256       640    0.7379    0.7129    0.7182    0.4353    0.0409    0.1672  0.008957
   270/299     13.7G   0.02236   0.08382  0.002075    0.1083       406       640    0.7295    0.7061    0.7102     0.415   0.04207    0.1682  0.009055
   271/299     13.7G    0.0225    0.0834  0.002259    0.1082       333       640     0.749    0.7046    0.7212    0.4244   0.04116    0.1667  0.009051
   272/299     13.7G   0.02243   0.08283     0.002    0.1073       360       640    0.7269    0.7241    0.7117    0.4137   0.04113    0.1658  0.008805
   273/299     13.7G   0.02208   0.08315  0.002068    0.1073       354       640    0.7394    0.7139    0.7223     0.439   0.04004    0.1643  0.008374
   274/299     13.7G   0.02218   0.08103  0.002014    0.1052       337       640    0.7621    0.6998     0.713    0.4453   0.03858    0.1647  0.009825
   275/299     13.7G   0.02244   0.08087  0.002158    0.1055       273       640    0.7895    0.6917    0.7339    0.4481   0.04009    0.1656  0.008319
   276/299     13.7G   0.02236   0.08282  0.002135    0.1073       241       640    0.7636    0.7166    0.7318    0.4441   0.04017    0.1644  0.008108
   277/299     13.7G   0.02187   0.08121  0.001947     0.105       381       640    0.7222    0.7347    0.7274    0.4356   0.04026    0.1685  0.009099
   278/299     13.7G   0.02219    0.0817  0.002087     0.106       389       640    0.7197    0.7241    0.7254    0.4439   0.04065    0.1694   0.00964
   279/299     13.7G   0.02235   0.08136  0.002126    0.1058       268       640    0.7199    0.6976    0.7102    0.4445   0.04081    0.1716   0.01039
   280/299     13.7G   0.02214   0.08029  0.002038    0.1045       405       640    0.7285    0.7017    0.7225    0.4513   0.04059    0.1683  0.009573
   281/299     13.7G   0.02188   0.07912   0.00226    0.1033       317       640    0.7047    0.7189    0.7095    0.4395   0.04011    0.1664  0.009766
   282/299     13.7G   0.02182    0.0836  0.002134    0.1076       369       640    0.7496    0.7223    0.7264    0.4497   0.03991    0.1668  0.008573
   283/299     13.7G   0.02181   0.08205  0.001955    0.1058       261       640    0.7483    0.6923    0.7095    0.4408   0.04033      0.17   0.01008
   284/299     13.7G   0.02169   0.08296  0.002103    0.1068       436       640    0.7198    0.7199    0.7104    0.4264   0.04077    0.1713   0.00956
   285/299     13.7G   0.02212   0.08146  0.002103    0.1057       360       640    0.7164    0.7146    0.7151    0.4219   0.04145    0.1701   0.01021
   286/299     13.7G    0.0219   0.08063  0.002159    0.1047       310       640    0.7206    0.7057    0.7024    0.4269   0.04077    0.1709   0.01068
   287/299     13.7G   0.02185   0.08064     0.002    0.1045       352       640    0.7354     0.691    0.7022    0.4357   0.04017    0.1708   0.01166
   288/299     13.7G   0.02202   0.07851  0.002145    0.1027       339       640    0.7084    0.7312    0.7148    0.4428   0.03924    0.1603  0.009484
   289/299     13.7G   0.02101   0.07956  0.002006    0.1026       350       640    0.7382    0.7177    0.7217    0.4403   0.04011    0.1656  0.009752
   290/299     13.7G    0.0215   0.07713  0.002114    0.1007       269       640    0.7251    0.7024    0.7074    0.4255   0.04082    0.1672    0.0112
   291/299     13.7G   0.02204   0.07982  0.002086     0.104       345       640    0.7059    0.7276    0.7207    0.4411   0.04008    0.1631   0.01061
   292/299     13.7G   0.02183   0.08092  0.002022    0.1048       379       640    0.7318    0.7036    0.7227    0.4459   0.03997    0.1652  0.009749
   293/299     13.7G   0.02143    0.0811   0.00201    0.1045       298       640    0.7383     0.706    0.7227    0.4587   0.03977    0.1654  0.009831
   294/299     13.7G   0.02144   0.08037  0.002117    0.1039       373       640    0.7411    0.7138    0.7215     0.439   0.04185    0.1676   0.00867
   295/299     13.7G   0.02166    0.0803  0.002063     0.104       331       640    0.7349    0.7316    0.7307    0.4314   0.04176    0.1667  0.008991
   296/299     13.7G   0.02155   0.08077  0.001985    0.1043       218       640    0.7254     0.723    0.7283    0.4307   0.04098    0.1673  0.009822
   297/299     13.7G   0.02168   0.07977  0.002144    0.1036       314       640    0.7597    0.7053     0.727    0.4356   0.04155    0.1692  0.008854
   298/299     13.7G   0.02156   0.07916  0.002117    0.1028       368       640    0.7653    0.6873    0.7148    0.4332   0.04169     0.169  0.009577
   299/299     13.7G    0.0221   0.08223  0.002117    0.1065       374       640    0.7552    0.6991    0.7134    0.4421   0.04023    0.1663  0.009861
